0.000452629 1.45663e-07
0.00140249 8.08347e-08
0.00244595 4.89316e-07
0.00359224 2.0112e-06
0.00485148 5.78651e-06
0.00623481 1.2725e-05
0.00775445 2.21712e-05
0.00942385 3.20764e-05
 0.0112577 4.08685e-05
 0.0132723 4.8102e-05
 0.0154855 5.38678e-05
 0.0179167 5.8367e-05
 0.0205875 6.18418e-05
 0.0235215 6.45175e-05
 0.0267446 6.65802e-05
 0.0302852 6.81719e-05
 0.0341748 6.93981e-05
 0.0384477 7.03276e-05
 0.0431417 7.10083e-05
 0.0482982 7.14763e-05
 0.0539628 7.17589e-05
 0.0601856 7.18766e-05
 0.0670216 7.18445e-05
 0.0745313 7.16736e-05
 0.0827809 7.13714e-05
 0.0918435 7.09429e-05
  0.101799 7.03907e-05
  0.112736 6.97157e-05
   0.12475 6.89169e-05
  0.137948 6.79922e-05
  0.152447 6.69383e-05
  0.168375 6.57507e-05
  0.185872 6.44243e-05
  0.205093 6.29532e-05
  0.226209 6.13312e-05
  0.249405 5.95523e-05
  0.274887 5.76106e-05
   0.30288 5.55017e-05
  0.333631 5.32233e-05
  0.367413 5.07763e-05
  0.404523 4.81672e-05
  0.445291 4.54101e-05
  0.490075 4.25302e-05
  0.539273 3.9568e-05
  0.593319 3.65843e-05
   0.65269 3.3666e-05
  0.717913 3.09321e-05
  0.789562 2.85388e-05
  0.868271 2.66838e-05
  0.954737 2.56102e-05
   1.04526 2.56109e-05
   1.13173 2.66856e-05
   1.21044 2.85411e-05
   1.28209 3.09343e-05
   1.34731 3.36679e-05
   1.40668 3.65856e-05
   1.46073 3.95688e-05
   1.50992 4.25305e-05
   1.55471  4.541e-05
   1.59548 4.81669e-05
   1.63259 5.07759e-05
   1.66637 5.32228e-05
   1.69712 5.55012e-05
   1.72511 5.76102e-05
    1.7506 5.95519e-05
   1.77379 6.1331e-05
   1.79491 6.2953e-05
   1.81413 6.44242e-05
   1.83163 6.57507e-05
   1.84755 6.69384e-05
   1.86205 6.79924e-05
   1.87525 6.89171e-05
   1.88726 6.97159e-05
    1.8982 7.0391e-05
   1.90816 7.09432e-05
   1.91722 7.13717e-05
   1.92547 7.16738e-05
   1.93298 7.18448e-05
   1.93981 7.18768e-05
   1.94604 7.17591e-05
    1.9517 7.14764e-05
   1.95686 7.10083e-05
   1.96155 7.03276e-05
   1.96583 6.9398e-05
   1.96971 6.81717e-05
   1.97326  6.658e-05
   1.97648 6.45172e-05
   1.97941 6.18414e-05
   1.98208 5.83665e-05
   1.98451 5.38673e-05
   1.98673 4.81015e-05
   1.98874 4.0868e-05
   1.99058 3.20759e-05
   1.99225 2.21708e-05
   1.99377 1.27248e-05
   1.99515 5.78639e-06
   1.99641 2.01116e-06
   1.99755 4.89306e-07
    1.9986 8.08338e-08
   1.99955 1.45665e-07
