0.000452629 0.00208728
0.00140249 0.00646343
0.00244595  0.0112641
0.00359224  0.0165125
0.00485148  0.0221624
0.00623481  0.0279964
0.00775445  0.0336364
0.00942385  0.0387735
 0.0112577  0.0433294
 0.0132723  0.0473681
 0.0154855  0.0509679
 0.0179167  0.0541931
 0.0205875   0.057104
 0.0235215  0.0597539
 0.0267446  0.0621895
 0.0302852  0.0644535
 0.0341748  0.0665806
 0.0384477  0.0685948
 0.0431417  0.0705134
 0.0482982  0.0723508
 0.0539628  0.0741188
 0.0601856   0.075827
 0.0670216  0.0774837
 0.0745313  0.0790956
 0.0827809  0.0806684
 0.0918435   0.082207
  0.101799  0.0837156
  0.112736  0.0851975
   0.12475  0.0866558
  0.137948  0.0880928
  0.152447  0.0895105
  0.168375  0.0909104
  0.185872  0.0922935
  0.205093  0.0936604
  0.226209  0.0950112
  0.249405  0.0963453
  0.274887  0.0976618
   0.30288  0.0989587
  0.333631   0.100233
  0.367413   0.101482
  0.404523   0.102699
  0.445291   0.103878
  0.490075    0.10501
  0.539273   0.106085
  0.593319   0.107088
   0.65269   0.108002
  0.717913   0.108804
  0.789562   0.109469
  0.868271   0.109963
  0.954737    0.11024
   1.04526    0.11024
   1.13173   0.109963
   1.21044   0.109469
   1.28209   0.108805
   1.34731   0.108002
   1.40668   0.107089
   1.46073   0.106087
   1.50992   0.105012
   1.55471    0.10388
   1.59548   0.102701
   1.63259   0.101485
   1.66637   0.100236
   1.69712   0.098962
   1.72511  0.0976652
    1.7506  0.0963488
   1.77379  0.0950147
   1.79491  0.0936639
   1.81413  0.0922971
   1.83163  0.0909139
   1.84755   0.089514
   1.86205  0.0880963
   1.87525  0.0866592
   1.88726  0.0852008
    1.8982  0.0837187
   1.90816  0.0822101
   1.91722  0.0806713
   1.92547  0.0790984
   1.93298  0.0774863
   1.93981  0.0758295
   1.94604  0.0741211
    1.9517  0.0723529
   1.95686  0.0705153
   1.96155  0.0685966
   1.96583  0.0665823
   1.96971  0.0644549
   1.97326  0.0621908
   1.97648   0.059755
   1.97941   0.057105
   1.98208   0.054194
   1.98451  0.0509686
   1.98673  0.0473687
   1.98874  0.0433298
   1.99058  0.0387739
   1.99225  0.0336366
   1.99377  0.0279966
   1.99515  0.0221625
   1.99641  0.0165126
   1.99755  0.0112642
    1.9986 0.00646348
   1.99955 0.00208729
